2458000.785	15.13895	0.0186
2458000.868	14.97635	0.01385
2458001.14	14.78285	0.0205
2458001.493	14.71275	0.02045
2458001.624	14.70045	0.0193
2458002.107	14.79225	0.0197
2458002.236	14.7444	0.0156
2458002.739	14.73065	0.0168
2458003.169	14.72695	0.01615
2458003.501	14.64925	0.0158
2458003.775	14.6828	0.01465
2458004.101	14.75245	0.02515
2458004.499	14.62975	0.01625
2458004.499	14.62975	0.01625
2458005.169	14.6692	0.0176
2458005.624	14.59995	0.0151
2458011.261	14.65115	0.01525
2458012.277	14.6641	0.014
2458014.241	14.68235	0.0136
2458015.499	14.67795	0.0144
2458016.244	14.727	0.01375
2458017.066	14.81205	0.0141
2458020.457	14.79145	0.0135
2458021.628	14.86305	0.0146
2458025.444	14.99035	0.01475
2458029.672	15.20685	0.01625
2458033.169	15.3951	0.03365
2458035.832	15.36355	0.01515
2458039.839	15.46915	0.0148
2458046.762	15.60995	0.0136
2458047.721	15.6092	0.0139
2458047.813	15.6342	0.01385
2458049.154	15.69715	0.0143
2458053.362	15.7416	0.0145
2458057.714	15.92355	0.0146
2458062.527	15.98845	0.01925
2458067.658	16.13335	0.0141
2458073.519	16.1707	0.01855
2458081.05	16.5131	0.01745
2458087.574	16.78965	0.0179
2458090.311	17.0886	0.03695
2458091.328	17.17085	0.02505
2458092.363	17.19935	0.025
2458094.335	17.3688	0.0185
2458096.316	17.46965	0.01765
2458097.302	17.5362	0.02495
2458097.651	17.5797	0.0209
2458102.564	17.7374	0.01815
2458103.649	17.9226	0.02035
2458104.679	17.9309	0.0222
2458106.318	17.8812	0.0282
2458114.357	18.09935	0.024
2458122.361	18.1926	0.0311
2458130.329	18.26315	0.0228
2458139.579	18.23695	0.0217
2458147.933	18.4589	0.04105
2458149.544	18.34295	0.05455
2458156.919	18.50545	0.03775
2458164.52	18.5032	0.04755
2458172.514	18.43135	0.06805
2458175.267	18.50995	0.06915
2458177.266	18.61965	0.05045