#mjd	B	Berr	V	Verr	R	Rerr	I	Ierr
2458019.8	14.83	0.08	14.40	0.04	13.81	0.03	13.67	0.02
2458021.8	14.89	0.08	14.41	0.04	13.81	0.02	13.62	0.04
2458022.8	14.89	0.08	14.42	0.04	13.79	0.02	13.64	0.02
2458025.8	15.00	0.07	14.41	0.04	13.78	0.02	13.60	0.02
2458032.8	15.21	0.08	14.45	0.06	13.81	0.03	13.58	0.03
2458038.8	15.35	0.09	14.50	0.04	13.82	0.03	13.54	0.05
2458041.8	15.42	0.09	14.52	0.04	13.83	0.02	13.58	0.02
2458049.8	15.55	0.09	14.57	0.04	13.86	0.02	13.56	0.03
2458053.7	15.61	0.05	14.61	0.04	13.86	0.02	13.57	0.02
2458074.7	16.05	0.06	14.87	0.04	13.96	0.02	13.68	0.03
2458077.7	16.12	0.08	14.93	0.04	14.00	0.02	13.71	0.05
2458080.7	16.24	0.05	15.02	0.04	14.06	0.03	13.74	0.03
2458083.7	16.40	0.06	15.11	0.04	14.14	0.03	13.81	0.03
2458103.7	17.63	0.08	16.29	0.05	15.11	0.05	14.68	0.04
2458106.7	17.70	0.08	16.41	0.06	15.19	0.05	14.77	0.05
2458112.7	17.79	0.10	16.51	0.06	15.27	0.06	14.85	0.06
2458123.6	99.9	0.9	16.69	0.08	15.41	0.08	15.00	0.06
2458137.7	99.9	0.9	16.82	0.08	15.54	0.05	15.08	0.08
2458146.7	99.9	0.9	17.10	0.09	15.68	0.07	15.22	0.07
